0 , 1
0 , 2
0 , 3
0 , 4
0 , 5
0 , 6
0 , 7
0 , 8
0 , 9
0 , 10
0 , 11
0 , 12
0 , 13
0 , 14
0 , 15
0 , 16
0 , 17
0 , 18
0 , 19
0 , 1
0 , 2
0 , 3
0 , 4
0 , 5
0 , 6
0 , 7
0 , 8
0 , 9
0 , 10
0 , 11
0 , 12
0 , 13
0 , 14
0 , 15
0 , 16
0 , 17
0 , 18
0 , 19
0 , 20
0 , 21
0 , 22
0 , 23
0 , 24
0 , 25
0 , 26
0 , 27
0 , 28
0 , 29
0 , 30
0 , 31
0 , 32
0 , 33
0 , 34
0 , 35
0 , 36
1 , 37
1 , 38
1 , 39
1 , 40
1 , 41
1 , 42
1 , 43
1 , 44
1 , 45
2 , 46
3 , 47
4 , 48
5 , 49
5 , 50
5 , 51
5 , 52
5 , 53
5 , 54
5 , 55
5 , 56
5 , 57
5 , 58
5 , 59
5 , 60
5 , 61
5 , 62
5 , 63
5 , 64
5 , 65
5 , 66
5 , 67
5 , 68
5 , 69
5 , 70
6 , 71
6 , 72
7 , 73
7 , 74
7 , 75
7 , 76
7 , 77
7 , 78
7 , 79
7 , 80
7 , 81
7 , 82
7 , 83
7 , 84
7 , 85
8 , 86
9 , 87
9 , 88
9 , 89
9 , 90
9 , 91
9 , 92
10 , 93
10 , 94
10 , 95
10 , 96
10 , 97
10 , 98
10 , 99
10 , 100
10 , 101
10 , 102
10 , 103
10 , 104
10 , 105
10 , 106
10 , 107
10 , 108
10 , 109
10 , 110
10 , 111
10 , 112
10 , 113
10 , 114
11 , 115
12 , 116
13 , 117
14 , 118
14 , 119
14 , 120
14 , 121
14 , 122
14 , 123
14 , 124
14 , 125
15 , 126
15 , 127
15 , 128
15 , 129
15 , 130
15 , 131
15 , 132
15 , 133
15 , 134
15 , 135
15 , 136
15 , 137
15 , 138
15 , 139
15 , 140
15 , 141
15 , 142
15 , 143
15 , 144
15 , 145
15 , 146
15 , 147
15 , 148
15 , 149
15 , 150
16 , 151
16 , 152
16 , 153
16 , 154
17 , 155
17 , 156
17 , 157
17 , 158
17 , 159
17 , 160
18 , 161
19 , 162
19 , 163
19 , 164
19 , 165
19 , 166
19 , 167
19 , 168
19 , 169
19 , 170
19 , 171
19 , 172
19 , 173
19 , 174
19 , 175
19 , 176
19 , 177
19 , 178
19 , 179
19 , 180
19 , 181
19 , 182
19 , 183
19 , 184
19 , 185
19 , 186
19 , 187
19 , 188
19 , 189
19 , 190
19 , 191
19 , 192
19 , 193
19 , 194
19 , 195
19 , 196
19 , 197
19 , 198
19 , 199
19 , 200
19 , 201
19 , 202
19 , 203
19 , 204
19 , 205
19 , 206
19 , 207
19 , 208
19 , 209
20 , 210
20 , 211
20 , 212
20 , 213
20 , 214
21 , 215
21 , 216
22 , 217
22 , 218
22 , 219
22 , 220
22 , 221
22 , 222
22 , 223
22 , 224
22 , 225
22 , 226
23 , 227
23 , 228
23 , 229
23 , 230
23 , 231
23 , 232
23 , 233
24 , 234
24 , 235
25 , 236
26 , 237
26 , 238
26 , 239
26 , 240
26 , 241
26 , 242
26 , 243
26 , 244
26 , 245
26 , 246
26 , 247
26 , 248
26 , 249
26 , 250
26 , 251
26 , 252
26 , 253
26 , 254
26 , 255
26 , 256
26 , 257
26 , 258
26 , 259
26 , 260
26 , 261
26 , 262
26 , 263
27 , 264
27 , 265
27 , 266
27 , 267
27 , 268
27 , 269
27 , 270
27 , 271
27 , 272
27 , 273
27 , 274
27 , 275
27 , 276
27 , 277
27 , 278
27 , 279
27 , 280
27 , 281
27 , 282
27 , 283
27 , 284
27 , 285
27 , 286
27 , 287
27 , 288
27 , 289
27 , 290
27 , 291
27 , 292
27 , 293
27 , 294
27 , 295
27 , 296
27 , 297
27 , 298
27 , 299
27 , 300
27 , 301
27 , 302
27 , 303
27 , 304
27 , 305
27 , 306
27 , 307
27 , 308
27 , 309
27 , 310
27 , 311
27 , 312
27 , 313
27 , 314
27 , 315
27 , 316
27 , 317
27 , 318
27 , 319
27 , 320
27 , 321
27 , 322
27 , 323
27 , 324
27 , 325
27 , 326
27 , 327
27 , 328
27 , 329
27 , 330
27 , 331
27 , 332
27 , 333
27 , 334
27 , 335
27 , 336
27 , 337
27 , 338
27 , 339
27 , 340
27 , 341
27 , 342
27 , 343
27 , 344
27 , 345
27 , 346
27 , 347
27 , 348
27 , 349
27 , 350
27 , 351
27 , 352
27 , 353
27 , 354
27 , 355
27 , 356
27 , 357
27 , 358
27 , 359
27 , 360
27 , 361
27 , 362
27 , 363
27 , 364
27 , 365
27 , 366
27 , 367
27 , 368
27 , 369
28 , 370
28 , 371
28 , 372
28 , 373
29 , 374
31 , 375
31 , 376
31 , 377
31 , 378
31 , 379
31 , 380
31 , 381
31 , 382
31 , 383
31 , 384
31 , 385
31 , 386
31 , 387
31 , 388
31 , 389
31 , 390
31 , 391
31 , 392
31 , 393
31 , 394
31 , 395
31 , 396
31 , 397
31 , 398
31 , 399
31 , 400
31 , 401
31 , 402
31 , 403
31 , 404
31 , 405
31 , 406
31 , 407
31 , 408
31 , 409
31 , 410
31 , 411
32 , 412
32 , 413
32 , 414
33 , 415
34 , 416
34 , 417
34 , 418
34 , 419
34 , 420
34 , 421
34 , 422
34 , 423
34 , 424
34 , 425
34 , 426
34 , 427
34 , 428
34 , 429
35 , 430
35 , 431
36 , 432
37 , 433
38 , 434
38 , 435
38 , 436
38 , 437
38 , 438
38 , 439
38 , 440
38 , 441
38 , 442
38 , 443
38 , 444
38 , 445
39 , 446
40 , 447
41 , 448
41 , 449
41 , 450
41 , 451
41 , 452
41 , 453
41 , 454
41 , 455
41 , 456
41 , 457
41 , 458
41 , 459
41 , 460
41 , 461
41 , 462
41 , 463
41 , 464
41 , 465
41 , 466
41 , 467
41 , 468
41 , 469
41 , 470
41 , 471
41 , 472
41 , 473
41 , 474
41 , 475
41 , 476
41 , 477
41 , 478
41 , 479
41 , 480
41 , 481
41 , 482
41 , 483
42 , 484
43 , 485
44 , 486
44 , 487
44 , 488
44 , 489
44 , 490
44 , 491
44 , 492
44 , 493
44 , 494
44 , 495
44 , 496
44 , 497
45 , 498
46 , 499
47 , 500
47 , 501
47 , 502
47 , 503
47 , 504
47 , 505
47 , 506
47 , 507
47 , 508
47 , 509
47 , 510
47 , 511
47 , 512
47 , 513
47 , 514
47 , 515
47 , 516
47 , 517
47 , 518
47 , 519
47 , 520
47 , 521
47 , 522
47 , 523
47 , 524
47 , 525
47 , 526
47 , 527
47 , 528
47 , 529
47 , 530
47 , 531
47 , 532
47 , 533
47 , 534
47 , 535
48 , 536
50 , 537
51 , 538
52 , 539
53 , 540
54 , 541
54 , 542
54 , 543
54 , 544
54 , 545
54 , 546
54 , 547
54 , 548
54 , 549
54 , 550
54 , 551
54 , 552
54 , 553
54 , 554
54 , 555
54 , 556
54 , 557
54 , 558
54 , 559
54 , 560
54 , 561
54 , 562
54 , 563
54 , 564
54 , 565
54 , 566
54 , 567
54 , 568
54 , 569
54 , 570
54 , 571
54 , 572
54 , 573
54 , 574
54 , 575
54 , 576
54 , 577
54 , 578
54 , 579
54 , 580
54 , 581
54 , 582
54 , 583
54 , 584
54 , 585
54 , 586
54 , 587
54 , 588
54 , 589
55 , 590
55 , 591
56 , 592
57 , 593
58 , 594
58 , 595
58 , 596
58 , 597
58 , 598
58 , 599
58 , 600
58 , 601
58 , 602
58 , 603
58 , 604
58 , 605
58 , 606
58 , 607
58 , 608
58 , 609
58 , 610
59 , 611
60 , 612
61 , 613
61 , 614
61 , 615
61 , 616
61 , 617
61 , 618
61 , 619
61 , 620
61 , 621
61 , 622
61 , 623
61 , 624
61 , 625
61 , 626
61 , 627
61 , 628
61 , 629
61 , 630
61 , 631
61 , 632
61 , 633
61 , 634
61 , 635
61 , 636
61 , 637
61 , 638
61 , 639
61 , 640
61 , 641
61 , 642
61 , 643
61 , 644
61 , 645
61 , 646
61 , 647
61 , 648
61 , 649
61 , 650
61 , 651
61 , 652
61 , 653
61 , 654
61 , 655
61 , 656
61 , 657
61 , 658
61 , 659
61 , 660
61 , 661
61 , 662
61 , 663
61 , 664
61 , 665
62 , 666
63 , 667
63 , 668
63 , 669
63 , 670
63 , 671
63 , 672
63 , 673
63 , 674
63 , 675
63 , 676
63 , 677
63 , 678
63 , 679
63 , 680
63 , 681
63 , 682
63 , 683
63 , 684
63 , 685
63 , 686
63 , 687
63 , 688
63 , 689
63 , 690
63 , 691
63 , 692
63 , 693
63 , 694
63 , 695
63 , 696
63 , 697
63 , 698
63 , 699
63 , 700
63 , 701
64 , 702
65 , 703
66 , 704
67 , 705
68 , 706
68 , 707
68 , 708
68 , 709
68 , 710
68 , 711
68 , 712
68 , 713
68 , 714
68 , 715
68 , 716
68 , 717
68 , 718
68 , 719
68 , 720
68 , 721
68 , 722
68 , 723
68 , 724
68 , 725
68 , 726
68 , 727
68 , 728
68 , 729
68 , 730
68 , 731
68 , 732
68 , 733
68 , 734
68 , 735
68 , 736
68 , 737
68 , 738
68 , 739
68 , 740
68 , 741
68 , 742
68 , 743
68 , 744
68 , 745
68 , 746
68 , 747
68 , 748
68 , 749
68 , 750
69 , 751
69 , 752
69 , 753
69 , 754
69 , 755
69 , 756
69 , 757
69 , 758
69 , 759
69 , 760
69 , 761
69 , 762
69 , 763
69 , 764
69 , 765
69 , 766
69 , 767
69 , 768
69 , 769
69 , 770
69 , 771
69 , 772
69 , 773
69 , 774
69 , 775
69 , 776
69 , 777
69 , 778
69 , 779
69 , 780
69 , 781
69 , 782
69 , 783
69 , 784
69 , 785
69 , 786
70 , 787
71 , 788
73 , 789
75 , 790
76 , 791
76 , 792
76 , 793
76 , 794
76 , 795
76 , 796
76 , 797
76 , 798
76 , 799
76 , 800
76 , 801
76 , 802
76 , 803
76 , 804
76 , 805
76 , 806
76 , 807
76 , 808
76 , 809
76 , 810
76 , 811
76 , 812
76 , 813
76 , 814
76 , 815
76 , 816
76 , 817
76 , 818
76 , 819
76 , 820
76 , 821
76 , 822
76 , 823
76 , 824
76 , 825
76 , 826
76 , 827
76 , 828
76 , 829
77 , 830
77 , 831
78 , 832
78 , 833
78 , 834
78 , 835
78 , 836
78 , 837
78 , 838
78 , 839
78 , 840
78 , 841
78 , 842
78 , 843
78 , 844
78 , 845
79 , 846
79 , 847
79 , 848
79 , 849
79 , 850
79 , 851
79 , 852
80 , 853
80 , 854
81 , 855
81 , 856
81 , 857
81 , 858
81 , 859
81 , 860
81 , 861
81 , 862
81 , 863
81 , 864
81 , 865
81 , 866
81 , 867
81 , 868
81 , 869
81 , 870
82 , 871
83 , 872
84 , 873
84 , 874
84 , 875
84 , 876
84 , 877
84 , 878
85 , 879
85 , 880
86 , 881
86 , 882
87 , 883
88 , 884
88 , 885
88 , 886
88 , 887
88 , 888
88 , 889
88 , 890
88 , 891
88 , 892
88 , 893
88 , 894
88 , 895
88 , 896
88 , 897
88 , 898
88 , 899
88 , 900
88 , 901
88 , 902
88 , 903
88 , 904
88 , 905
88 , 906
88 , 907
88 , 908
88 , 909
88 , 910
88 , 911
88 , 912
88 , 913
88 , 914
88 , 915
88 , 916
88 , 917
88 , 918
88 , 919
88 , 920
88 , 921
88 , 922
88 , 923
88 , 924
88 , 925
88 , 926
88 , 927
88 , 928
88 , 929
88 , 930
88 , 931
88 , 932
88 , 933
88 , 934
88 , 935
88 , 936
88 , 937
88 , 938
88 , 939
88 , 940
88 , 941
88 , 942
88 , 943
88 , 944
88 , 945
88 , 946
88 , 947
88 , 948
88 , 949
88 , 950
88 , 951
88 , 952
88 , 953
88 , 954
88 , 955
89 , 956
89 , 957
89 , 958
89 , 959
89 , 960
89 , 961
89 , 962
89 , 963
89 , 964
89 , 965
89 , 966
89 , 967
89 , 968
89 , 969
89 , 970
89 , 971
89 , 972
89 , 973
89 , 974
89 , 975
89 , 976
89 , 977
89 , 978
89 , 979
90 , 980
91 , 981
92 , 982
92 , 983
92 , 984
0 , 1
0 , 2
0 , 3
0 , 4
0 , 5
0 , 6
0 , 7
0 , 8
0 , 9
0 , 10
0 , 11
0 , 12
0 , 13
0 , 14
0 , 15
0 , 16
0 , 17
0 , 18
0 , 19
0 , 20
0 , 21
0 , 22
0 , 23
0 , 24
0 , 25
0 , 26
0 , 27
0 , 28
0 , 29
0 , 30
0 , 31
0 , 32
0 , 33
0 , 34
0 , 35
0 , 36
1 , 37
1 , 38
1 , 39
1 , 40
1 , 41
1 , 42
1 , 43
1 , 44
1 , 45
2 , 46
3 , 47
4 , 48
5 , 49
5 , 50
5 , 51
5 , 52
5 , 53
5 , 54
5 , 55
5 , 56
5 , 57
5 , 58
5 , 59
5 , 60
5 , 61
5 , 62
5 , 63
5 , 64
5 , 65
5 , 66
5 , 67
5 , 68
5 , 69
5 , 70
6 , 71
6 , 72
7 , 73
7 , 74
7 , 75
7 , 76
7 , 77
7 , 78
7 , 79
7 , 80
7 , 81
7 , 82
7 , 83
7 , 84
7 , 85
8 , 86
9 , 87
0 , 1
0 , 2
0 , 3
0 , 4
0 , 5
0 , 6
0 , 7
0 , 8
0 , 9
0 , 10
0 , 11
0 , 12
0 , 13
0 , 14
0 , 15
0 , 16
0 , 17
0 , 18
0 , 19
0 , 20
0 , 21
0 , 22
0 , 23
0 , 24
0 , 25
0 , 26
0 , 27
0 , 28
0 , 29
0 , 30
0 , 31
0 , 32
0 , 33
0 , 34
0 , 35
0 , 36
1 , 37
1 , 38
1 , 39
1 , 40
1 , 41
1 , 42
1 , 43
1 , 44
1 , 45
2 , 46
3 , 47
4 , 48
5 , 49
5 , 50
5 , 51
5 , 52
5 , 53
5 , 54
5 , 55
5 , 56
5 , 57
5 , 58
5 , 59
5 , 60
5 , 61
5 , 62
5 , 63
5 , 64
5 , 65
5 , 66
5 , 67
5 , 68
5 , 69
5 , 70
6 , 71
6 , 72
7 , 73
7 , 74
7 , 75
7 , 76
7 , 77
7 , 78
7 , 79
7 , 80
7 , 81
7 , 82
7 , 83
7 , 84
7 , 85
8 , 86
9 , 87
9 , 88
9 , 89
9 , 90
9 , 91
9 , 92
10 , 93
10 , 94
10 , 95
10 , 96
10 , 97
0 , 1
0 , 2
0 , 3
0 , 4
0 , 5
0 , 6
0 , 7
0 , 8
0 , 9
0 , 10
0 , 11
0 , 12
0 , 13
0 , 14
0 , 15
0 , 16
0 , 17
0 , 18
0 , 19
0 , 20
0 , 21
0 , 22
0 , 23
0 , 24
0 , 25
0 , 26
0 , 27
0 , 28
0 , 29
0 , 30
0 , 31
0 , 32
0 , 33
0 , 34
0 , 35
0 , 36
1 , 37
1 , 38
1 , 39
1 , 40
1 , 41
1 , 42
1 , 43
1 , 44
1 , 45
2 , 46
3 , 47
4 , 48
5 , 49
5 , 50
5 , 51
5 , 52
5 , 53
5 , 54
5 , 55
5 , 56
5 , 57
5 , 58
5 , 59
5 , 60
5 , 61
5 , 62
5 , 63
5 , 64
5 , 65
5 , 66
5 , 67
5 , 68
5 , 69
5 , 70
6 , 71
6 , 72
7 , 73
7 , 74
7 , 75
7 , 76
7 , 77
7 , 78
7 , 79
7 , 80
7 , 81
7 , 82
7 , 83
7 , 84
7 , 85
8 , 86
9 , 87
9 , 88
9 , 89
9 , 90
9 , 91
9 , 92
10 , 93
10 , 94
10 , 95
10 , 96
10 , 97
10 , 98
10 , 99
10 , 100
10 , 101
10 , 102
10 , 103
10 , 104
10 , 105
10 , 106
10 , 107
10 , 108
10 , 109
10 , 110
10 , 111
10 , 112
10 , 113
10 , 114
11 , 115
12 , 116
13 , 117
14 , 118
14 , 119
14 , 120
14 , 121
14 , 122
14 , 123
14 , 124
14 , 125
15 , 126
15 , 127
15 , 128
15 , 129
15 , 130
15 , 131
15 , 132
15 , 133
15 , 134
15 , 135
15 , 136
15 , 137
15 , 138
15 , 139
15 , 140
15 , 141
15 , 142
15 , 143
15 , 144
15 , 145
15 , 146
